600000 浦发银行  15.76  5.15  
600005 武钢股份  2.76  ---
600008 首创股份  4.04  1.50  
600009 上海机场  28.35  4.30  
600010 包钢股份  2.87  ---
600011 华能国际  7.19  4.70  
600015 华夏银行  10.01  3.63  
600016 民生银行  9.21  1.60  
600018 上港集团  5.34  1.54  
600019 宝钢股份  4.90  0.60  
600021 上海电力  11.20  2.50  
600022 山东钢铁  2.48  ---
600023 浙能电力  5.23  2.70  
600027 华电国际  5.30  3.00  
600028 中国石化  4.87  0.60  
600029 南方航空  7.93  0.80  
600030 中信证券  16.38  5.00  
600031 三一重工  5.37  0.10  
600036 招商银行  17.15  6.90  
600037 歌华有线  16.99  1.80  
600038 中直股份  42.16  2.50  
600048 保利地产  9.52  3.45  
600050 中国联通  4.23  0.57  
600060 海信电器  18.29  3.40  
600061 国投安信  16.89  ---
600066 宇通客车  21.65  15.00  
600068 葛洲坝  7.95  1.75  
600074 保千里  15.11  ---
600085 同仁堂  30.95  2.30  
600089 特变电工  9.01  1.80  
600098 广州发展  7.93  1.90  
600100 同方股份  15.94  1.30  
600104 上汽集团  23.56  13.60  
600109 国金证券  13.14  0.80  
600111 北方稀土  13.58  0.30  
600115 东方航空  6.86  ---
600118 中国卫星  33.87  1.00  
600150 中国船舶  23.75  0.20  
600153 建发股份  11.28  1.00  
600157 永泰能源  4.01  ---
600170 上海建工  4.58  1.50  
600177 雅戈尔  15.32  8.00  
600188 兖州煤业  13.12  0.10  
600196 复星医药  21.66  3.20  
600208 新湖中宝  4.20  0.50  
600221 海南航空  3.38  ---
600252 中恒集团  4.44  ---
600256 广汇能源  4.50  ---
600271 航天信息  23.17  5.10  
600276 恒瑞医药  44.57  1.00  
600309 万华化学  20.55  2.00  
600317 营口港  3.74  0.10  
600332 白云山  26.12  ---
600340 华夏幸福  25.93  5.40  
600352 浙江龙盛  9.48  1.50  
600362 江西铜业  14.86  1.00  
600369 西南证券  7.31  1.30  
600372 中航电子  20.38  0.50  
600373 中文传媒  22.63  0.80  
600376 首开股份  11.92  ---
600383 金地集团  10.34  4.20  
600398 海澜之家  11.84  3.30  
600406 国电南瑞  14.70  2.70  
600415 小商品城  6.73  0.50  
600446 金证股份  31.40  0.57  
600485 信威集团  17.12  0.07  
600489 中金黄金  13.33  ---
600518 康美药业  16.09  1.90  
600519 贵州茅台  314.90  61.71  
600535 天士力  39.52  4.20  
600547 山东黄金  42.04  1.00  
600570 恒生电子  56.62  2.60  
600578 京能电力  4.57  2.00  
600582 天地科技  4.59  0.30  
600583 海油工程  7.39  2.50  
600585 海螺水泥  16.80  4.30  
600588 用友网络  24.14  1.50  
600600 青岛啤酒  29.71  3.90  
600606 绿地控股  9.20  2.00  
600637 东方明珠  23.58  2.30  
600642 申能股份  6.04  2.00  
600648 外高桥  20.17  1.50  
600649 城投控股  14.36  ---
600660 福耀玻璃  16.62  7.50  
600663 陆家嘴  22.29  5.08  
600666 奥瑞德  33.00  ---
600674 川投能源  9.21  2.70  
600685 中船防务  29.47  0.30  
600688 上海石化  6.13  1.00  
600690 青岛海尔  10.55  2.12  
600703 三安光电  12.17  2.50  
600704 物产中大  9.72  2.50  
600705 中航资本  5.91  1.65  
600718 东软集团  17.52  0.95  
600737 中粮屯河  11.80  0.35  
600739 辽宁成大  17.44  ---
600741 华域汽车  16.63  8.10  
600783 鲁信创投  22.05  1.00  
600795 国电电力  3.00  1.10  
600804 鹏博士  19.82  1.60  
600816 安信信托  19.30  3.50  
600820 隧道股份  9.48  1.50  
600827 百联股份  13.34  ---
600837 海通证券  15.41  4.50  
600839 四川长虹  4.66  ---
600863 内蒙华电  3.06  0.60  
600867 通化东宝  21.92  2.00  
600871 石化油服  3.86  ---
600873 梅花生物  6.42  1.00  
600875 东方电气  9.90  0.60  
600886 国投电力  7.11  2.80  
600887 伊利股份  18.30  4.50  
600893 中航动力  35.50  1.60  
600895 张江高科  18.35  1.20  
600900 长江电力  13.59  4.00  
600958 东方证券  16.44  3.50  
600959 江苏有线  10.71  3.00  
600998 九州通  19.12  1.30  
600999 招商证券  16.69  2.47  
601006 大秦铁路  6.18  4.50  
601009 南京银行  10.23  4.00  
601016 节能风电  9.56  0.45  
601018 宁波港  4.96  0.85  
601021 春秋航空  48.30  2.10  
601088 中国神华  15.21  3.20  
601098 中南传媒  18.49  2.90  
601099 太平洋  6.13  0.80  
601106 中国一重  5.34  ---
601111 中国国航  7.97  1.07  
601117 中国化学  5.71  0.87  
601118 海南橡胶  5.97  ---
601166 兴业银行  15.58  6.10  
601169 北京银行  8.46  2.50  
601179 中国西电  5.24  1.40  
601186 中国铁建  9.07  1.50  
601198 东兴证券  22.21  2.50  
601211 国泰君安  17.80  5.20  
601216 君正集团  7.95  0.20  
601225 陕西煤业  6.07  ---
601258 庞大集团  2.73  ---
601288 农业银行  3.12  1.67  
601318 中国平安  32.47  3.50  
601328 交通银行  5.64  2.70  
601333 广深铁路  4.08  0.80  
601336 新华保险  40.10  2.80  
601377 兴业证券  7.72  1.00  
601390 中国中铁  6.96  0.86  
601398 工商银行  4.35  2.33  
601555 东吴证券  13.40  3.00  
601600 中国铝业  3.95  ---
601601 中国太保  26.88  10.00  
601607 上海医药  19.90  3.30  
601608 中信重工  5.41  0.23  
601618 中国中冶  3.82  0.55  
601628 中国人寿  20.75  4.20  
601633 长城汽车  10.52  1.90  
601668 中国建筑  6.14  2.00  
601669 中国电建  5.98  0.77  
601688 华泰证券  18.78  5.00  
601718 际华集团  8.51  0.46  
601727 上海电气  8.12  ---
601766 中国中车  8.99  1.50  
601788 光大证券  17.01  6.00  
601800 中国交建  11.10  1.90  
601808 中海油服  12.19  0.68  
601818 光大银行  3.85  1.90  
601857 中国石油  7.27  0.25  
601866 中海集运  4.02  ---
601872 招商轮船  5.18  0.66  
601888 中国国旅  45.00  5.00  
601898 中煤能源  5.85  ---
601899 紫金矿业  3.47  0.60  
601901 方正证券  7.23  0.90  
601919 中国远洋  5.21  ---
601928 凤凰传媒  10.79  1.00  
601933 永辉超市  4.50  1.50  
601939 建设银行  5.09  2.74  
601958 金钼股份  7.91  ---
601985 中国核电  6.73  0.90  
601988 中国银行  3.34  1.75  
601989 中国重工  6.67  ---
601991 大唐发电  4.05  1.70  
601992 金隅股份  4.13  0.30  
601998 中信银行  6.01  2.12  
603000 人民网  21.53  0.75  
603885 吉祥航空  27.89  ---
603993 洛阳钼业  4.05  ---
