600000
600005
600008
600009
600010
600011
600015
600016
600018
600019
600021
600022
600023
600027
600028
600029
600030
600031
600036
600037
600038
600048
600050
600060
600061
600066
600068
600074
600085
600089
600098
600100
600104
600109
600111
600115
600118
600150
600153
600157
600170
600177
600188
600196
600208
600221
600252
600256
600271
600276
600309
600317
600332
600340
600352
600362
600369
600372
600373
600376
600383
600398
600406
600415
600446
600485
600489
600518
600519
600535
600547
600570
600578
600582
600583
600585
600588
600600
600606
600637
600642
600648
600649
600660
600663
600666
600674
600685
600688
600690
600703
600704
600705
600718
600737
600739
600741
600783
600795
600804
600816
600820
600827
600837
600839
600863
600867
600871
600873
600875
600886
600887
600893
600895
600900
600958
600959
600998
600999
601006
601009
601016
601018
601021
601088
601098
601099
601106
601111
601117
601118
601166
601169
601179
601186
601198
601211
601216
601225
601258
601288
601318
601328
601333
601336
601377
601390
601398
601555
601600
601601
601607
601608
601618
601628
601633
601668
601669
601688
601718
601727
601766
601788
601800
601808
601818
601857
601866
601872
601888
601898
601899
601901
601919
601928
601933
601939
601958
601985
601988
601989
601991
601992
601998
603000
603885
603993
